{
 "cells": [
  {
   "cell_type": "code",
   "execution_count": 1,
   "metadata": {},
   "outputs": [],
   "source": [
    "import pandas as pd\n",
    "import numpy as np\n",
    "import seaborn as sb\n",
    "import matplotlib.pyplot as plt"
   ]
  },
  {
   "cell_type": "code",
   "execution_count": 2,
   "metadata": {},
   "outputs": [],
   "source": [
    "# Data Preprocessing\n",
    "\n",
    "data = open(\"Team 13.txt\", \"r\")\n",
    "lines = data.readlines()\n",
    "\n",
    "features = lines[0].split()\n",
    "\n",
    "data = lines[1:]\n",
    "data = [x.split() for x in data]\n",
    "data = np.array(data)\n",
    "\n",
    "df = pd.DataFrame(data, columns=features)\n",
    "df = df.drop(columns=[features[0]])\n",
    "\n",
    "for x in range (3, len(features)):\n",
    "    df[features[x]] = pd.to_numeric(df[features[x]])\n",
    "\n",
    "data = df"
   ]
  },
  {
   "cell_type": "code",
   "execution_count": 3,
   "metadata": {},
   "outputs": [],
   "source": [
    "# Declaration of Categorical variables\n",
    "\n",
    "data['x2'] = data['x2'].astype('category')\n",
    "data['x1']=data['x1'].astype('category')\n",
    "data['x15']=data['x15'].astype('category')"
   ]
  },
  {
   "cell_type": "code",
   "execution_count": 4,
   "metadata": {},
   "outputs": [],
   "source": [
    "# Applying transformations\n",
    "\n",
    "data_prime = data\n",
    "data_prime['x4_log'] = np.log(data_prime['x4'])\n",
    "data_prime['x7_log'] = np.log(data_prime['x7'])\n",
    "data_prime['x8_log'] = np.log(data_prime['x8'])\n",
    "data_prime['x14_log'] = np.log(data_prime['x14'])\n",
    "data_prime['x11_log'] = np.log(data_prime['x11'])\n",
    "data_prime['x13_log'] = np.log(data_prime['x13'])\n",
    "data_prime['x9_log'] = np.log(data_prime['x9'])\n",
    "data_prime['log_y'] = np.log(data_prime['y'])"
   ]
  },
  {
   "cell_type": "code",
   "execution_count": 5,
   "metadata": {},
   "outputs": [],
   "source": [
    "# Visual plots\n",
    "\n",
    "# for column in data_prime.columns:\n",
    "#   if column!='log_y':  #log_y is basically log of log\n",
    "#     plt.scatter(data_prime[column],data_prime['log_y'],label=column)\n",
    "#   plt.xlabel(column)\n",
    "#   plt.ylabel('Value')\n",
    "#   plt.title('y vs columns')\n",
    "#   plt.legend()\n",
    "#   plt.show()"
   ]
  },
  {
   "cell_type": "code",
   "execution_count": 6,
   "metadata": {},
   "outputs": [],
   "source": [
    "#######################\n",
    "## Log transformed independent variables log_x4, log_x7, log_x8, log_x14 were found to have strong correlation with log_y\n",
    "## Variables such as x2, x15 provide data about location state of property, number of rooms respectively\n",
    "#######################"
   ]
  },
  {
   "cell_type": "code",
   "execution_count": 7,
   "metadata": {},
   "outputs": [
    {
     "data": {
      "text/html": [
       "<div>\n",
       "<style scoped>\n",
       "    .dataframe tbody tr th:only-of-type {\n",
       "        vertical-align: middle;\n",
       "    }\n",
       "\n",
       "    .dataframe tbody tr th {\n",
       "        vertical-align: top;\n",
       "    }\n",
       "\n",
       "    .dataframe thead th {\n",
       "        text-align: right;\n",
       "    }\n",
       "</style>\n",
       "<table border=\"1\" class=\"dataframe\">\n",
       "  <thead>\n",
       "    <tr style=\"text-align: right;\">\n",
       "      <th></th>\n",
       "      <th>x3</th>\n",
       "      <th>x4</th>\n",
       "      <th>x5</th>\n",
       "      <th>x6</th>\n",
       "      <th>x7</th>\n",
       "      <th>x8</th>\n",
       "      <th>y</th>\n",
       "      <th>x9</th>\n",
       "      <th>x10</th>\n",
       "      <th>x11</th>\n",
       "      <th>...</th>\n",
       "      <th>x13</th>\n",
       "      <th>x14</th>\n",
       "      <th>x4_log</th>\n",
       "      <th>x7_log</th>\n",
       "      <th>x8_log</th>\n",
       "      <th>x14_log</th>\n",
       "      <th>x11_log</th>\n",
       "      <th>x13_log</th>\n",
       "      <th>x9_log</th>\n",
       "      <th>log_y</th>\n",
       "    </tr>\n",
       "  </thead>\n",
       "  <tbody>\n",
       "    <tr>\n",
       "      <th>x3</th>\n",
       "      <td>1.000000</td>\n",
       "      <td>0.173083</td>\n",
       "      <td>-0.054878</td>\n",
       "      <td>0.005771</td>\n",
       "      <td>0.078075</td>\n",
       "      <td>0.073047</td>\n",
       "      <td>0.129475</td>\n",
       "      <td>-0.098598</td>\n",
       "      <td>-0.137238</td>\n",
       "      <td>0.171343</td>\n",
       "      <td>...</td>\n",
       "      <td>-0.187715</td>\n",
       "      <td>0.127074</td>\n",
       "      <td>0.133045</td>\n",
       "      <td>0.044722</td>\n",
       "      <td>0.046961</td>\n",
       "      <td>0.071714</td>\n",
       "      <td>0.190111</td>\n",
       "      <td>-0.197271</td>\n",
       "      <td>-0.101559</td>\n",
       "      <td>0.135368</td>\n",
       "    </tr>\n",
       "    <tr>\n",
       "      <th>x4</th>\n",
       "      <td>0.173083</td>\n",
       "      <td>1.000000</td>\n",
       "      <td>0.078372</td>\n",
       "      <td>-0.029037</td>\n",
       "      <td>0.940249</td>\n",
       "      <td>0.923738</td>\n",
       "      <td>0.886332</td>\n",
       "      <td>-0.017427</td>\n",
       "      <td>0.146814</td>\n",
       "      <td>0.038020</td>\n",
       "      <td>...</td>\n",
       "      <td>0.235610</td>\n",
       "      <td>0.986748</td>\n",
       "      <td>0.758527</td>\n",
       "      <td>0.647758</td>\n",
       "      <td>0.625809</td>\n",
       "      <td>0.724419</td>\n",
       "      <td>0.039035</td>\n",
       "      <td>0.245568</td>\n",
       "      <td>-0.014871</td>\n",
       "      <td>0.667133</td>\n",
       "    </tr>\n",
       "    <tr>\n",
       "      <th>x5</th>\n",
       "      <td>-0.054878</td>\n",
       "      <td>0.078372</td>\n",
       "      <td>1.000000</td>\n",
       "      <td>-0.616310</td>\n",
       "      <td>0.119699</td>\n",
       "      <td>0.074532</td>\n",
       "      <td>0.089941</td>\n",
       "      <td>0.250584</td>\n",
       "      <td>0.456097</td>\n",
       "      <td>0.033976</td>\n",
       "      <td>...</td>\n",
       "      <td>-0.031648</td>\n",
       "      <td>0.071162</td>\n",
       "      <td>0.078820</td>\n",
       "      <td>0.162904</td>\n",
       "      <td>0.054107</td>\n",
       "      <td>0.061295</td>\n",
       "      <td>0.052296</td>\n",
       "      <td>-0.035190</td>\n",
       "      <td>0.241805</td>\n",
       "      <td>0.145453</td>\n",
       "    </tr>\n",
       "    <tr>\n",
       "      <th>x6</th>\n",
       "      <td>0.005771</td>\n",
       "      <td>-0.029037</td>\n",
       "      <td>-0.616310</td>\n",
       "      <td>1.000000</td>\n",
       "      <td>-0.003129</td>\n",
       "      <td>0.053278</td>\n",
       "      <td>-0.035290</td>\n",
       "      <td>-0.268252</td>\n",
       "      <td>-0.339229</td>\n",
       "      <td>0.006578</td>\n",
       "      <td>...</td>\n",
       "      <td>0.018591</td>\n",
       "      <td>-0.022733</td>\n",
       "      <td>-0.013788</td>\n",
       "      <td>0.031185</td>\n",
       "      <td>0.171437</td>\n",
       "      <td>-0.006856</td>\n",
       "      <td>0.079886</td>\n",
       "      <td>0.022940</td>\n",
       "      <td>-0.243101</td>\n",
       "      <td>-0.043837</td>\n",
       "    </tr>\n",
       "    <tr>\n",
       "      <th>x7</th>\n",
       "      <td>0.078075</td>\n",
       "      <td>0.940249</td>\n",
       "      <td>0.119699</td>\n",
       "      <td>-0.003129</td>\n",
       "      <td>1.000000</td>\n",
       "      <td>0.950464</td>\n",
       "      <td>0.820459</td>\n",
       "      <td>-0.004248</td>\n",
       "      <td>0.236765</td>\n",
       "      <td>0.064136</td>\n",
       "      <td>...</td>\n",
       "      <td>0.316135</td>\n",
       "      <td>0.948111</td>\n",
       "      <td>0.741266</td>\n",
       "      <td>0.735566</td>\n",
       "      <td>0.688278</td>\n",
       "      <td>0.726111</td>\n",
       "      <td>0.057260</td>\n",
       "      <td>0.318911</td>\n",
       "      <td>-0.002399</td>\n",
       "      <td>0.665181</td>\n",
       "    </tr>\n",
       "    <tr>\n",
       "      <th>x8</th>\n",
       "      <td>0.073047</td>\n",
       "      <td>0.923738</td>\n",
       "      <td>0.074532</td>\n",
       "      <td>0.053278</td>\n",
       "      <td>0.950464</td>\n",
       "      <td>1.000000</td>\n",
       "      <td>0.856850</td>\n",
       "      <td>-0.111916</td>\n",
       "      <td>0.100427</td>\n",
       "      <td>0.172794</td>\n",
       "      <td>...</td>\n",
       "      <td>0.194808</td>\n",
       "      <td>0.902062</td>\n",
       "      <td>0.736781</td>\n",
       "      <td>0.709405</td>\n",
       "      <td>0.748967</td>\n",
       "      <td>0.697535</td>\n",
       "      <td>0.184226</td>\n",
       "      <td>0.211971</td>\n",
       "      <td>-0.103822</td>\n",
       "      <td>0.691413</td>\n",
       "    </tr>\n",
       "    <tr>\n",
       "      <th>y</th>\n",
       "      <td>0.129475</td>\n",
       "      <td>0.886332</td>\n",
       "      <td>0.089941</td>\n",
       "      <td>-0.035290</td>\n",
       "      <td>0.820459</td>\n",
       "      <td>0.856850</td>\n",
       "      <td>1.000000</td>\n",
       "      <td>-0.106328</td>\n",
       "      <td>0.077077</td>\n",
       "      <td>0.164406</td>\n",
       "      <td>...</td>\n",
       "      <td>0.117539</td>\n",
       "      <td>0.843098</td>\n",
       "      <td>0.664575</td>\n",
       "      <td>0.570489</td>\n",
       "      <td>0.579491</td>\n",
       "      <td>0.615524</td>\n",
       "      <td>0.164699</td>\n",
       "      <td>0.131922</td>\n",
       "      <td>-0.103740</td>\n",
       "      <td>0.663201</td>\n",
       "    </tr>\n",
       "    <tr>\n",
       "      <th>x9</th>\n",
       "      <td>-0.098598</td>\n",
       "      <td>-0.017427</td>\n",
       "      <td>0.250584</td>\n",
       "      <td>-0.268252</td>\n",
       "      <td>-0.004248</td>\n",
       "      <td>-0.111916</td>\n",
       "      <td>-0.106328</td>\n",
       "      <td>1.000000</td>\n",
       "      <td>0.707787</td>\n",
       "      <td>-0.691750</td>\n",
       "      <td>...</td>\n",
       "      <td>0.522996</td>\n",
       "      <td>0.043356</td>\n",
       "      <td>0.088644</td>\n",
       "      <td>0.154379</td>\n",
       "      <td>-0.076056</td>\n",
       "      <td>0.205410</td>\n",
       "      <td>-0.658752</td>\n",
       "      <td>0.553025</td>\n",
       "      <td>0.995772</td>\n",
       "      <td>-0.018669</td>\n",
       "    </tr>\n",
       "    <tr>\n",
       "      <th>x10</th>\n",
       "      <td>-0.137238</td>\n",
       "      <td>0.146814</td>\n",
       "      <td>0.456097</td>\n",
       "      <td>-0.339229</td>\n",
       "      <td>0.236765</td>\n",
       "      <td>0.100427</td>\n",
       "      <td>0.077077</td>\n",
       "      <td>0.707787</td>\n",
       "      <td>1.000000</td>\n",
       "      <td>-0.408424</td>\n",
       "      <td>...</td>\n",
       "      <td>0.695362</td>\n",
       "      <td>0.222230</td>\n",
       "      <td>0.293387</td>\n",
       "      <td>0.450137</td>\n",
       "      <td>0.166693</td>\n",
       "      <td>0.414220</td>\n",
       "      <td>-0.487053</td>\n",
       "      <td>0.676943</td>\n",
       "      <td>0.680731</td>\n",
       "      <td>0.242304</td>\n",
       "    </tr>\n",
       "    <tr>\n",
       "      <th>x11</th>\n",
       "      <td>0.171343</td>\n",
       "      <td>0.038020</td>\n",
       "      <td>0.033976</td>\n",
       "      <td>0.006578</td>\n",
       "      <td>0.064136</td>\n",
       "      <td>0.172794</td>\n",
       "      <td>0.164406</td>\n",
       "      <td>-0.691750</td>\n",
       "      <td>-0.408424</td>\n",
       "      <td>1.000000</td>\n",
       "      <td>...</td>\n",
       "      <td>-0.601725</td>\n",
       "      <td>-0.038739</td>\n",
       "      <td>-0.015075</td>\n",
       "      <td>0.012309</td>\n",
       "      <td>0.198764</td>\n",
       "      <td>-0.163278</td>\n",
       "      <td>0.927048</td>\n",
       "      <td>-0.651354</td>\n",
       "      <td>-0.705586</td>\n",
       "      <td>0.185965</td>\n",
       "    </tr>\n",
       "    <tr>\n",
       "      <th>x12</th>\n",
       "      <td>0.199209</td>\n",
       "      <td>0.005352</td>\n",
       "      <td>-0.278527</td>\n",
       "      <td>0.236309</td>\n",
       "      <td>-0.050516</td>\n",
       "      <td>0.007524</td>\n",
       "      <td>0.043557</td>\n",
       "      <td>-0.593596</td>\n",
       "      <td>-0.540907</td>\n",
       "      <td>0.436947</td>\n",
       "      <td>...</td>\n",
       "      <td>-0.322144</td>\n",
       "      <td>-0.033876</td>\n",
       "      <td>-0.040605</td>\n",
       "      <td>-0.172929</td>\n",
       "      <td>-0.030988</td>\n",
       "      <td>-0.116490</td>\n",
       "      <td>0.397657</td>\n",
       "      <td>-0.350556</td>\n",
       "      <td>-0.599628</td>\n",
       "      <td>-0.021548</td>\n",
       "    </tr>\n",
       "    <tr>\n",
       "      <th>x13</th>\n",
       "      <td>-0.187715</td>\n",
       "      <td>0.235610</td>\n",
       "      <td>-0.031648</td>\n",
       "      <td>0.018591</td>\n",
       "      <td>0.316135</td>\n",
       "      <td>0.194808</td>\n",
       "      <td>0.117539</td>\n",
       "      <td>0.522996</td>\n",
       "      <td>0.695362</td>\n",
       "      <td>-0.601725</td>\n",
       "      <td>...</td>\n",
       "      <td>1.000000</td>\n",
       "      <td>0.347682</td>\n",
       "      <td>0.410979</td>\n",
       "      <td>0.499214</td>\n",
       "      <td>0.275755</td>\n",
       "      <td>0.588669</td>\n",
       "      <td>-0.686687</td>\n",
       "      <td>0.984866</td>\n",
       "      <td>0.516107</td>\n",
       "      <td>0.268994</td>\n",
       "    </tr>\n",
       "    <tr>\n",
       "      <th>x14</th>\n",
       "      <td>0.127074</td>\n",
       "      <td>0.986748</td>\n",
       "      <td>0.071162</td>\n",
       "      <td>-0.022733</td>\n",
       "      <td>0.948111</td>\n",
       "      <td>0.902062</td>\n",
       "      <td>0.843098</td>\n",
       "      <td>0.043356</td>\n",
       "      <td>0.222230</td>\n",
       "      <td>-0.038739</td>\n",
       "      <td>...</td>\n",
       "      <td>0.347682</td>\n",
       "      <td>1.000000</td>\n",
       "      <td>0.761546</td>\n",
       "      <td>0.666228</td>\n",
       "      <td>0.617947</td>\n",
       "      <td>0.751007</td>\n",
       "      <td>-0.048017</td>\n",
       "      <td>0.349476</td>\n",
       "      <td>0.044895</td>\n",
       "      <td>0.651063</td>\n",
       "    </tr>\n",
       "    <tr>\n",
       "      <th>x4_log</th>\n",
       "      <td>0.133045</td>\n",
       "      <td>0.758527</td>\n",
       "      <td>0.078820</td>\n",
       "      <td>-0.013788</td>\n",
       "      <td>0.741266</td>\n",
       "      <td>0.736781</td>\n",
       "      <td>0.664575</td>\n",
       "      <td>0.088644</td>\n",
       "      <td>0.293387</td>\n",
       "      <td>-0.015075</td>\n",
       "      <td>...</td>\n",
       "      <td>0.410979</td>\n",
       "      <td>0.761546</td>\n",
       "      <td>1.000000</td>\n",
       "      <td>0.898097</td>\n",
       "      <td>0.837323</td>\n",
       "      <td>0.977994</td>\n",
       "      <td>-0.034418</td>\n",
       "      <td>0.423437</td>\n",
       "      <td>0.086916</td>\n",
       "      <td>0.901710</td>\n",
       "    </tr>\n",
       "    <tr>\n",
       "      <th>x7_log</th>\n",
       "      <td>0.044722</td>\n",
       "      <td>0.647758</td>\n",
       "      <td>0.162904</td>\n",
       "      <td>0.031185</td>\n",
       "      <td>0.735566</td>\n",
       "      <td>0.709405</td>\n",
       "      <td>0.570489</td>\n",
       "      <td>0.154379</td>\n",
       "      <td>0.450137</td>\n",
       "      <td>0.012309</td>\n",
       "      <td>...</td>\n",
       "      <td>0.499214</td>\n",
       "      <td>0.666228</td>\n",
       "      <td>0.898097</td>\n",
       "      <td>1.000000</td>\n",
       "      <td>0.899649</td>\n",
       "      <td>0.908456</td>\n",
       "      <td>-0.001294</td>\n",
       "      <td>0.511075</td>\n",
       "      <td>0.155499</td>\n",
       "      <td>0.852842</td>\n",
       "    </tr>\n",
       "    <tr>\n",
       "      <th>x8_log</th>\n",
       "      <td>0.046961</td>\n",
       "      <td>0.625809</td>\n",
       "      <td>0.054107</td>\n",
       "      <td>0.171437</td>\n",
       "      <td>0.688278</td>\n",
       "      <td>0.748967</td>\n",
       "      <td>0.579491</td>\n",
       "      <td>-0.076056</td>\n",
       "      <td>0.166693</td>\n",
       "      <td>0.198764</td>\n",
       "      <td>...</td>\n",
       "      <td>0.275755</td>\n",
       "      <td>0.617947</td>\n",
       "      <td>0.837323</td>\n",
       "      <td>0.899649</td>\n",
       "      <td>1.000000</td>\n",
       "      <td>0.805635</td>\n",
       "      <td>0.225361</td>\n",
       "      <td>0.296963</td>\n",
       "      <td>-0.063721</td>\n",
       "      <td>0.827195</td>\n",
       "    </tr>\n",
       "    <tr>\n",
       "      <th>x14_log</th>\n",
       "      <td>0.071714</td>\n",
       "      <td>0.724419</td>\n",
       "      <td>0.061295</td>\n",
       "      <td>-0.006856</td>\n",
       "      <td>0.726111</td>\n",
       "      <td>0.697535</td>\n",
       "      <td>0.615524</td>\n",
       "      <td>0.205410</td>\n",
       "      <td>0.414220</td>\n",
       "      <td>-0.163278</td>\n",
       "      <td>...</td>\n",
       "      <td>0.588669</td>\n",
       "      <td>0.751007</td>\n",
       "      <td>0.977994</td>\n",
       "      <td>0.908456</td>\n",
       "      <td>0.805635</td>\n",
       "      <td>1.000000</td>\n",
       "      <td>-0.191623</td>\n",
       "      <td>0.603124</td>\n",
       "      <td>0.204055</td>\n",
       "      <td>0.858859</td>\n",
       "    </tr>\n",
       "    <tr>\n",
       "      <th>x11_log</th>\n",
       "      <td>0.190111</td>\n",
       "      <td>0.039035</td>\n",
       "      <td>0.052296</td>\n",
       "      <td>0.079886</td>\n",
       "      <td>0.057260</td>\n",
       "      <td>0.184226</td>\n",
       "      <td>0.164699</td>\n",
       "      <td>-0.658752</td>\n",
       "      <td>-0.487053</td>\n",
       "      <td>0.927048</td>\n",
       "      <td>...</td>\n",
       "      <td>-0.686687</td>\n",
       "      <td>-0.048017</td>\n",
       "      <td>-0.034418</td>\n",
       "      <td>-0.001294</td>\n",
       "      <td>0.225361</td>\n",
       "      <td>-0.191623</td>\n",
       "      <td>1.000000</td>\n",
       "      <td>-0.700476</td>\n",
       "      <td>-0.649452</td>\n",
       "      <td>0.184364</td>\n",
       "    </tr>\n",
       "    <tr>\n",
       "      <th>x13_log</th>\n",
       "      <td>-0.197271</td>\n",
       "      <td>0.245568</td>\n",
       "      <td>-0.035190</td>\n",
       "      <td>0.022940</td>\n",
       "      <td>0.318911</td>\n",
       "      <td>0.211971</td>\n",
       "      <td>0.131922</td>\n",
       "      <td>0.553025</td>\n",
       "      <td>0.676943</td>\n",
       "      <td>-0.651354</td>\n",
       "      <td>...</td>\n",
       "      <td>0.984866</td>\n",
       "      <td>0.349476</td>\n",
       "      <td>0.423437</td>\n",
       "      <td>0.511075</td>\n",
       "      <td>0.296963</td>\n",
       "      <td>0.603124</td>\n",
       "      <td>-0.700476</td>\n",
       "      <td>1.000000</td>\n",
       "      <td>0.553741</td>\n",
       "      <td>0.281918</td>\n",
       "    </tr>\n",
       "    <tr>\n",
       "      <th>x9_log</th>\n",
       "      <td>-0.101559</td>\n",
       "      <td>-0.014871</td>\n",
       "      <td>0.241805</td>\n",
       "      <td>-0.243101</td>\n",
       "      <td>-0.002399</td>\n",
       "      <td>-0.103822</td>\n",
       "      <td>-0.103740</td>\n",
       "      <td>0.995772</td>\n",
       "      <td>0.680731</td>\n",
       "      <td>-0.705586</td>\n",
       "      <td>...</td>\n",
       "      <td>0.516107</td>\n",
       "      <td>0.044895</td>\n",
       "      <td>0.086916</td>\n",
       "      <td>0.155499</td>\n",
       "      <td>-0.063721</td>\n",
       "      <td>0.204055</td>\n",
       "      <td>-0.649452</td>\n",
       "      <td>0.553741</td>\n",
       "      <td>1.000000</td>\n",
       "      <td>-0.020369</td>\n",
       "    </tr>\n",
       "    <tr>\n",
       "      <th>log_y</th>\n",
       "      <td>0.135368</td>\n",
       "      <td>0.667133</td>\n",
       "      <td>0.145453</td>\n",
       "      <td>-0.043837</td>\n",
       "      <td>0.665181</td>\n",
       "      <td>0.691413</td>\n",
       "      <td>0.663201</td>\n",
       "      <td>-0.018669</td>\n",
       "      <td>0.242304</td>\n",
       "      <td>0.185965</td>\n",
       "      <td>...</td>\n",
       "      <td>0.268994</td>\n",
       "      <td>0.651063</td>\n",
       "      <td>0.901710</td>\n",
       "      <td>0.852842</td>\n",
       "      <td>0.827195</td>\n",
       "      <td>0.858859</td>\n",
       "      <td>0.184364</td>\n",
       "      <td>0.281918</td>\n",
       "      <td>-0.020369</td>\n",
       "      <td>1.000000</td>\n",
       "    </tr>\n",
       "  </tbody>\n",
       "</table>\n",
       "<p>21 rows × 21 columns</p>\n",
       "</div>"
      ],
      "text/plain": [
       "               x3        x4        x5        x6        x7        x8         y  \\\n",
       "x3       1.000000  0.173083 -0.054878  0.005771  0.078075  0.073047  0.129475   \n",
       "x4       0.173083  1.000000  0.078372 -0.029037  0.940249  0.923738  0.886332   \n",
       "x5      -0.054878  0.078372  1.000000 -0.616310  0.119699  0.074532  0.089941   \n",
       "x6       0.005771 -0.029037 -0.616310  1.000000 -0.003129  0.053278 -0.035290   \n",
       "x7       0.078075  0.940249  0.119699 -0.003129  1.000000  0.950464  0.820459   \n",
       "x8       0.073047  0.923738  0.074532  0.053278  0.950464  1.000000  0.856850   \n",
       "y        0.129475  0.886332  0.089941 -0.035290  0.820459  0.856850  1.000000   \n",
       "x9      -0.098598 -0.017427  0.250584 -0.268252 -0.004248 -0.111916 -0.106328   \n",
       "x10     -0.137238  0.146814  0.456097 -0.339229  0.236765  0.100427  0.077077   \n",
       "x11      0.171343  0.038020  0.033976  0.006578  0.064136  0.172794  0.164406   \n",
       "x12      0.199209  0.005352 -0.278527  0.236309 -0.050516  0.007524  0.043557   \n",
       "x13     -0.187715  0.235610 -0.031648  0.018591  0.316135  0.194808  0.117539   \n",
       "x14      0.127074  0.986748  0.071162 -0.022733  0.948111  0.902062  0.843098   \n",
       "x4_log   0.133045  0.758527  0.078820 -0.013788  0.741266  0.736781  0.664575   \n",
       "x7_log   0.044722  0.647758  0.162904  0.031185  0.735566  0.709405  0.570489   \n",
       "x8_log   0.046961  0.625809  0.054107  0.171437  0.688278  0.748967  0.579491   \n",
       "x14_log  0.071714  0.724419  0.061295 -0.006856  0.726111  0.697535  0.615524   \n",
       "x11_log  0.190111  0.039035  0.052296  0.079886  0.057260  0.184226  0.164699   \n",
       "x13_log -0.197271  0.245568 -0.035190  0.022940  0.318911  0.211971  0.131922   \n",
       "x9_log  -0.101559 -0.014871  0.241805 -0.243101 -0.002399 -0.103822 -0.103740   \n",
       "log_y    0.135368  0.667133  0.145453 -0.043837  0.665181  0.691413  0.663201   \n",
       "\n",
       "               x9       x10       x11  ...       x13       x14    x4_log  \\\n",
       "x3      -0.098598 -0.137238  0.171343  ... -0.187715  0.127074  0.133045   \n",
       "x4      -0.017427  0.146814  0.038020  ...  0.235610  0.986748  0.758527   \n",
       "x5       0.250584  0.456097  0.033976  ... -0.031648  0.071162  0.078820   \n",
       "x6      -0.268252 -0.339229  0.006578  ...  0.018591 -0.022733 -0.013788   \n",
       "x7      -0.004248  0.236765  0.064136  ...  0.316135  0.948111  0.741266   \n",
       "x8      -0.111916  0.100427  0.172794  ...  0.194808  0.902062  0.736781   \n",
       "y       -0.106328  0.077077  0.164406  ...  0.117539  0.843098  0.664575   \n",
       "x9       1.000000  0.707787 -0.691750  ...  0.522996  0.043356  0.088644   \n",
       "x10      0.707787  1.000000 -0.408424  ...  0.695362  0.222230  0.293387   \n",
       "x11     -0.691750 -0.408424  1.000000  ... -0.601725 -0.038739 -0.015075   \n",
       "x12     -0.593596 -0.540907  0.436947  ... -0.322144 -0.033876 -0.040605   \n",
       "x13      0.522996  0.695362 -0.601725  ...  1.000000  0.347682  0.410979   \n",
       "x14      0.043356  0.222230 -0.038739  ...  0.347682  1.000000  0.761546   \n",
       "x4_log   0.088644  0.293387 -0.015075  ...  0.410979  0.761546  1.000000   \n",
       "x7_log   0.154379  0.450137  0.012309  ...  0.499214  0.666228  0.898097   \n",
       "x8_log  -0.076056  0.166693  0.198764  ...  0.275755  0.617947  0.837323   \n",
       "x14_log  0.205410  0.414220 -0.163278  ...  0.588669  0.751007  0.977994   \n",
       "x11_log -0.658752 -0.487053  0.927048  ... -0.686687 -0.048017 -0.034418   \n",
       "x13_log  0.553025  0.676943 -0.651354  ...  0.984866  0.349476  0.423437   \n",
       "x9_log   0.995772  0.680731 -0.705586  ...  0.516107  0.044895  0.086916   \n",
       "log_y   -0.018669  0.242304  0.185965  ...  0.268994  0.651063  0.901710   \n",
       "\n",
       "           x7_log    x8_log   x14_log   x11_log   x13_log    x9_log     log_y  \n",
       "x3       0.044722  0.046961  0.071714  0.190111 -0.197271 -0.101559  0.135368  \n",
       "x4       0.647758  0.625809  0.724419  0.039035  0.245568 -0.014871  0.667133  \n",
       "x5       0.162904  0.054107  0.061295  0.052296 -0.035190  0.241805  0.145453  \n",
       "x6       0.031185  0.171437 -0.006856  0.079886  0.022940 -0.243101 -0.043837  \n",
       "x7       0.735566  0.688278  0.726111  0.057260  0.318911 -0.002399  0.665181  \n",
       "x8       0.709405  0.748967  0.697535  0.184226  0.211971 -0.103822  0.691413  \n",
       "y        0.570489  0.579491  0.615524  0.164699  0.131922 -0.103740  0.663201  \n",
       "x9       0.154379 -0.076056  0.205410 -0.658752  0.553025  0.995772 -0.018669  \n",
       "x10      0.450137  0.166693  0.414220 -0.487053  0.676943  0.680731  0.242304  \n",
       "x11      0.012309  0.198764 -0.163278  0.927048 -0.651354 -0.705586  0.185965  \n",
       "x12     -0.172929 -0.030988 -0.116490  0.397657 -0.350556 -0.599628 -0.021548  \n",
       "x13      0.499214  0.275755  0.588669 -0.686687  0.984866  0.516107  0.268994  \n",
       "x14      0.666228  0.617947  0.751007 -0.048017  0.349476  0.044895  0.651063  \n",
       "x4_log   0.898097  0.837323  0.977994 -0.034418  0.423437  0.086916  0.901710  \n",
       "x7_log   1.000000  0.899649  0.908456 -0.001294  0.511075  0.155499  0.852842  \n",
       "x8_log   0.899649  1.000000  0.805635  0.225361  0.296963 -0.063721  0.827195  \n",
       "x14_log  0.908456  0.805635  1.000000 -0.191623  0.603124  0.204055  0.858859  \n",
       "x11_log -0.001294  0.225361 -0.191623  1.000000 -0.700476 -0.649452  0.184364  \n",
       "x13_log  0.511075  0.296963  0.603124 -0.700476  1.000000  0.553741  0.281918  \n",
       "x9_log   0.155499 -0.063721  0.204055 -0.649452  0.553741  1.000000 -0.020369  \n",
       "log_y    0.852842  0.827195  0.858859  0.184364  0.281918 -0.020369  1.000000  \n",
       "\n",
       "[21 rows x 21 columns]"
      ]
     },
     "execution_count": 7,
     "metadata": {},
     "output_type": "execute_result"
    }
   ],
   "source": [
    "# Observed Correlation of variables with independent variable and each other dependent variable(s)\n",
    "\n",
    "# data_prime.describe()\n",
    "data_prime.corr()"
   ]
  },
  {
   "cell_type": "code",
   "execution_count": null,
   "metadata": {},
   "outputs": [],
   "source": [
    "'''\n",
    "<div>\n",
    "<style scoped>\n",
    "    .dataframe tbody tr th:only-of-type {\n",
    "        vertical-align: middle;\n",
    "    }\n",
    "\n",
    "    .dataframe tbody tr th {\n",
    "        vertical-align: top;\n",
    "    }\n",
    "\n",
    "    .dataframe thead th {\n",
    "        text-align: right;\n",
    "    }\n",
    "</style>\n",
    "<table border=\"1\" class=\"dataframe\">\n",
    "  <thead>\n",
    "    <tr style=\"text-align: right;\">\n",
    "      <th></th>\n",
    "      <th>x3</th>\n",
    "      <th>x4</th>\n",
    "      <th>x5</th>\n",
    "      <th>x6</th>\n",
    "      <th>x7</th>\n",
    "      <th>x8</th>\n",
    "      <th>y</th>\n",
    "      <th>x9</th>\n",
    "      <th>x10</th>\n",
    "      <th>x11</th>\n",
    "      <th>...</th>\n",
    "      <th>x13</th>\n",
    "      <th>x14</th>\n",
    "      <th>x4_log</th>\n",
    "      <th>x7_log</th>\n",
    "      <th>x8_log</th>\n",
    "      <th>x14_log</th>\n",
    "      <th>x11_log</th>\n",
    "      <th>x13_log</th>\n",
    "      <th>x9_log</th>\n",
    "      <th>log_y</th>\n",
    "    </tr>\n",
    "  </thead>\n",
    "  <tbody>\n",
    "    <tr>\n",
    "      <th>x3</th>\n",
    "      <td>1.000000</td>\n",
    "      <td>0.173083</td>\n",
    "      <td>-0.054878</td>\n",
    "      <td>0.005771</td>\n",
    "      <td>0.078075</td>\n",
    "      <td>0.073047</td>\n",
    "      <td>0.129475</td>\n",
    "      <td>-0.098598</td>\n",
    "      <td>-0.137238</td>\n",
    "      <td>0.171343</td>\n",
    "      <td>...</td>\n",
    "      <td>-0.187715</td>\n",
    "      <td>0.127074</td>\n",
    "      <td>0.133045</td>\n",
    "      <td>0.044722</td>\n",
    "      <td>0.046961</td>\n",
    "      <td>0.071714</td>\n",
    "      <td>0.190111</td>\n",
    "      <td>-0.197271</td>\n",
    "      <td>-0.101559</td>\n",
    "      <td>0.135368</td>\n",
    "    </tr>\n",
    "    <tr>\n",
    "      <th>x4</th>\n",
    "      <td>0.173083</td>\n",
    "      <td>1.000000</td>\n",
    "      <td>0.078372</td>\n",
    "      <td>-0.029037</td>\n",
    "      <td>0.940249</td>\n",
    "      <td>0.923738</td>\n",
    "      <td>0.886332</td>\n",
    "      <td>-0.017427</td>\n",
    "      <td>0.146814</td>\n",
    "      <td>0.038020</td>\n",
    "      <td>...</td>\n",
    "      <td>0.235610</td>\n",
    "      <td>0.986748</td>\n",
    "      <td>0.758527</td>\n",
    "      <td>0.647758</td>\n",
    "      <td>0.625809</td>\n",
    "      <td>0.724419</td>\n",
    "      <td>0.039035</td>\n",
    "      <td>0.245568</td>\n",
    "      <td>-0.014871</td>\n",
    "      <td>0.667133</td>\n",
    "    </tr>\n",
    "    <tr>\n",
    "      <th>x5</th>\n",
    "      <td>-0.054878</td>\n",
    "      <td>0.078372</td>\n",
    "      <td>1.000000</td>\n",
    "      <td>-0.616310</td>\n",
    "      <td>0.119699</td>\n",
    "      <td>0.074532</td>\n",
    "      <td>0.089941</td>\n",
    "      <td>0.250584</td>\n",
    "      <td>0.456097</td>\n",
    "      <td>0.033976</td>\n",
    "      <td>...</td>\n",
    "      <td>-0.031648</td>\n",
    "      <td>0.071162</td>\n",
    "      <td>0.078820</td>\n",
    "      <td>0.162904</td>\n",
    "      <td>0.054107</td>\n",
    "      <td>0.061295</td>\n",
    "      <td>0.052296</td>\n",
    "      <td>-0.035190</td>\n",
    "      <td>0.241805</td>\n",
    "      <td>0.145453</td>\n",
    "    </tr>\n",
    "    <tr>\n",
    "      <th>x6</th>\n",
    "      <td>0.005771</td>\n",
    "      <td>-0.029037</td>\n",
    "      <td>-0.616310</td>\n",
    "      <td>1.000000</td>\n",
    "      <td>-0.003129</td>\n",
    "      <td>0.053278</td>\n",
    "      <td>-0.035290</td>\n",
    "      <td>-0.268252</td>\n",
    "      <td>-0.339229</td>\n",
    "      <td>0.006578</td>\n",
    "      <td>...</td>\n",
    "      <td>0.018591</td>\n",
    "      <td>-0.022733</td>\n",
    "      <td>-0.013788</td>\n",
    "      <td>0.031185</td>\n",
    "      <td>0.171437</td>\n",
    "      <td>-0.006856</td>\n",
    "      <td>0.079886</td>\n",
    "      <td>0.022940</td>\n",
    "      <td>-0.243101</td>\n",
    "      <td>-0.043837</td>\n",
    "    </tr>\n",
    "    <tr>\n",
    "      <th>x7</th>\n",
    "      <td>0.078075</td>\n",
    "      <td>0.940249</td>\n",
    "      <td>0.119699</td>\n",
    "      <td>-0.003129</td>\n",
    "      <td>1.000000</td>\n",
    "      <td>0.950464</td>\n",
    "      <td>0.820459</td>\n",
    "      <td>-0.004248</td>\n",
    "      <td>0.236765</td>\n",
    "      <td>0.064136</td>\n",
    "      <td>...</td>\n",
    "      <td>0.316135</td>\n",
    "      <td>0.948111</td>\n",
    "      <td>0.741266</td>\n",
    "      <td>0.735566</td>\n",
    "      <td>0.688278</td>\n",
    "      <td>0.726111</td>\n",
    "      <td>0.057260</td>\n",
    "      <td>0.318911</td>\n",
    "      <td>-0.002399</td>\n",
    "      <td>0.665181</td>\n",
    "    </tr>\n",
    "    <tr>\n",
    "      <th>x8</th>\n",
    "      <td>0.073047</td>\n",
    "      <td>0.923738</td>\n",
    "      <td>0.074532</td>\n",
    "      <td>0.053278</td>\n",
    "      <td>0.950464</td>\n",
    "      <td>1.000000</td>\n",
    "      <td>0.856850</td>\n",
    "      <td>-0.111916</td>\n",
    "      <td>0.100427</td>\n",
    "      <td>0.172794</td>\n",
    "      <td>...</td>\n",
    "      <td>0.194808</td>\n",
    "      <td>0.902062</td>\n",
    "      <td>0.736781</td>\n",
    "      <td>0.709405</td>\n",
    "      <td>0.748967</td>\n",
    "      <td>0.697535</td>\n",
    "      <td>0.184226</td>\n",
    "      <td>0.211971</td>\n",
    "      <td>-0.103822</td>\n",
    "      <td>0.691413</td>\n",
    "    </tr>\n",
    "    <tr>\n",
    "      <th>y</th>\n",
    "      <td>0.129475</td>\n",
    "      <td>0.886332</td>\n",
    "      <td>0.089941</td>\n",
    "      <td>-0.035290</td>\n",
    "      <td>0.820459</td>\n",
    "      <td>0.856850</td>\n",
    "      <td>1.000000</td>\n",
    "      <td>-0.106328</td>\n",
    "      <td>0.077077</td>\n",
    "      <td>0.164406</td>\n",
    "      <td>...</td>\n",
    "      <td>0.117539</td>\n",
    "      <td>0.843098</td>\n",
    "      <td>0.664575</td>\n",
    "      <td>0.570489</td>\n",
    "      <td>0.579491</td>\n",
    "      <td>0.615524</td>\n",
    "      <td>0.164699</td>\n",
    "      <td>0.131922</td>\n",
    "      <td>-0.103740</td>\n",
    "      <td>0.663201</td>\n",
    "    </tr>\n",
    "    <tr>\n",
    "      <th>x9</th>\n",
    "      <td>-0.098598</td>\n",
    "      <td>-0.017427</td>\n",
    "      <td>0.250584</td>\n",
    "      <td>-0.268252</td>\n",
    "      <td>-0.004248</td>\n",
    "      <td>-0.111916</td>\n",
    "      <td>-0.106328</td>\n",
    "      <td>1.000000</td>\n",
    "      <td>0.707787</td>\n",
    "      <td>-0.691750</td>\n",
    "      <td>...</td>\n",
    "      <td>0.522996</td>\n",
    "      <td>0.043356</td>\n",
    "      <td>0.088644</td>\n",
    "      <td>0.154379</td>\n",
    "      <td>-0.076056</td>\n",
    "      <td>0.205410</td>\n",
    "      <td>-0.658752</td>\n",
    "      <td>0.553025</td>\n",
    "      <td>0.995772</td>\n",
    "      <td>-0.018669</td>\n",
    "    </tr>\n",
    "    <tr>\n",
    "      <th>x10</th>\n",
    "      <td>-0.137238</td>\n",
    "      <td>0.146814</td>\n",
    "      <td>0.456097</td>\n",
    "      <td>-0.339229</td>\n",
    "      <td>0.236765</td>\n",
    "      <td>0.100427</td>\n",
    "      <td>0.077077</td>\n",
    "      <td>0.707787</td>\n",
    "      <td>1.000000</td>\n",
    "      <td>-0.408424</td>\n",
    "      <td>...</td>\n",
    "      <td>0.695362</td>\n",
    "      <td>0.222230</td>\n",
    "      <td>0.293387</td>\n",
    "      <td>0.450137</td>\n",
    "      <td>0.166693</td>\n",
    "      <td>0.414220</td>\n",
    "      <td>-0.487053</td>\n",
    "      <td>0.676943</td>\n",
    "      <td>0.680731</td>\n",
    "      <td>0.242304</td>\n",
    "    </tr>\n",
    "    <tr>\n",
    "      <th>x11</th>\n",
    "      <td>0.171343</td>\n",
    "      <td>0.038020</td>\n",
    "      <td>0.033976</td>\n",
    "      <td>0.006578</td>\n",
    "      <td>0.064136</td>\n",
    "      <td>0.172794</td>\n",
    "      <td>0.164406</td>\n",
    "      <td>-0.691750</td>\n",
    "      <td>-0.408424</td>\n",
    "      <td>1.000000</td>\n",
    "      <td>...</td>\n",
    "      <td>-0.601725</td>\n",
    "      <td>-0.038739</td>\n",
    "      <td>-0.015075</td>\n",
    "      <td>0.012309</td>\n",
    "      <td>0.198764</td>\n",
    "      <td>-0.163278</td>\n",
    "      <td>0.927048</td>\n",
    "      <td>-0.651354</td>\n",
    "      <td>-0.705586</td>\n",
    "      <td>0.185965</td>\n",
    "    </tr>\n",
    "    <tr>\n",
    "      <th>x12</th>\n",
    "      <td>0.199209</td>\n",
    "      <td>0.005352</td>\n",
    "      <td>-0.278527</td>\n",
    "      <td>0.236309</td>\n",
    "      <td>-0.050516</td>\n",
    "      <td>0.007524</td>\n",
    "      <td>0.043557</td>\n",
    "      <td>-0.593596</td>\n",
    "      <td>-0.540907</td>\n",
    "      <td>0.436947</td>\n",
    "      <td>...</td>\n",
    "      <td>-0.322144</td>\n",
    "      <td>-0.033876</td>\n",
    "      <td>-0.040605</td>\n",
    "      <td>-0.172929</td>\n",
    "      <td>-0.030988</td>\n",
    "      <td>-0.116490</td>\n",
    "      <td>0.397657</td>\n",
    "      <td>-0.350556</td>\n",
    "      <td>-0.599628</td>\n",
    "      <td>-0.021548</td>\n",
    "    </tr>\n",
    "    <tr>\n",
    "      <th>x13</th>\n",
    "      <td>-0.187715</td>\n",
    "      <td>0.235610</td>\n",
    "      <td>-0.031648</td>\n",
    "      <td>0.018591</td>\n",
    "      <td>0.316135</td>\n",
    "      <td>0.194808</td>\n",
    "      <td>0.117539</td>\n",
    "      <td>0.522996</td>\n",
    "      <td>0.695362</td>\n",
    "      <td>-0.601725</td>\n",
    "      <td>...</td>\n",
    "      <td>1.000000</td>\n",
    "      <td>0.347682</td>\n",
    "      <td>0.410979</td>\n",
    "      <td>0.499214</td>\n",
    "      <td>0.275755</td>\n",
    "      <td>0.588669</td>\n",
    "      <td>-0.686687</td>\n",
    "      <td>0.984866</td>\n",
    "      <td>0.516107</td>\n",
    "      <td>0.268994</td>\n",
    "    </tr>\n",
    "    <tr>\n",
    "      <th>x14</th>\n",
    "      <td>0.127074</td>\n",
    "      <td>0.986748</td>\n",
    "      <td>0.071162</td>\n",
    "      <td>-0.022733</td>\n",
    "      <td>0.948111</td>\n",
    "      <td>0.902062</td>\n",
    "      <td>0.843098</td>\n",
    "      <td>0.043356</td>\n",
    "      <td>0.222230</td>\n",
    "      <td>-0.038739</td>\n",
    "      <td>...</td>\n",
    "      <td>0.347682</td>\n",
    "      <td>1.000000</td>\n",
    "      <td>0.761546</td>\n",
    "      <td>0.666228</td>\n",
    "      <td>0.617947</td>\n",
    "      <td>0.751007</td>\n",
    "      <td>-0.048017</td>\n",
    "      <td>0.349476</td>\n",
    "      <td>0.044895</td>\n",
    "      <td>0.651063</td>\n",
    "    </tr>\n",
    "    <tr>\n",
    "      <th>x4_log</th>\n",
    "      <td>0.133045</td>\n",
    "      <td>0.758527</td>\n",
    "      <td>0.078820</td>\n",
    "      <td>-0.013788</td>\n",
    "      <td>0.741266</td>\n",
    "      <td>0.736781</td>\n",
    "      <td>0.664575</td>\n",
    "      <td>0.088644</td>\n",
    "      <td>0.293387</td>\n",
    "      <td>-0.015075</td>\n",
    "      <td>...</td>\n",
    "      <td>0.410979</td>\n",
    "      <td>0.761546</td>\n",
    "      <td>1.000000</td>\n",
    "      <td>0.898097</td>\n",
    "      <td>0.837323</td>\n",
    "      <td>0.977994</td>\n",
    "      <td>-0.034418</td>\n",
    "      <td>0.423437</td>\n",
